200 0.000385 0.000688
400 0.001018 0.001879
600 0.001691 0.002700
800 0.002077 0.003514
1000 0.002757 0.005212
1200 0.003856 0.007128
1400 0.005042 0.009810
1600 0.006612 0.012515
1800 0.007835 0.015654
2000 0.009877 0.019093
2200 0.011267 0.022971
2400 0.014307 0.026753
2600 0.015794 0.030704
2800 0.018659 0.035801
3000 0.020528 0.041103
3200 0.023484 0.046844
3400 0.027264 0.052461
3600 0.029957 0.058500
3800 0.033812 0.065421
4000 0.036898 0.072212
4200 0.040799 0.080669
4400 0.043504 0.086752
4600 0.048514 0.094438
4800 0.052031 0.102748
5000 0.056095 0.110549
5200 0.060285 0.119625
5400 0.065863 0.128641
5600 0.070972 0.140455
5800 0.074440 0.148309
6000 0.080522 0.158311
6200 0.085305 0.168423
6400 0.091893 0.182116
6600 0.096842 0.192491
6800 0.102419 0.204658
7000 0.111208 0.221135
7200 0.115051 0.230600
7400 0.121953 0.244715
7600 0.128638 0.256582
7800 0.135105 0.270313
8000 0.142679 0.282425
8200 0.150540 0.296026
8400 0.157936 0.311497
8600 0.164426 0.326721
8800 0.173481 0.343326
9000 0.181318 0.357462
9200 0.189008 0.374687
9400 0.197261 0.389513
9600 0.207010 0.407081
9800 0.213791 0.423001
10000 0.222196 0.440840
10200 0.232029 0.458824
10400 0.240911 0.475837
10600 0.250132 0.492938
10800 0.259975 0.509451
11000 0.269760 0.529414
11200 0.278352 0.547860
11400 0.289389 0.565301
11600 0.298134 0.587160
11800 0.307955 0.605738
12000 0.324851 0.642994
12200 0.330426 0.655318
12400 0.341587 0.666158
12600 0.350506 0.685162
12800 0.360165 0.707328
13000 0.372391 0.730140
13200 0.383107 0.755969
13400 0.394176 0.776789
13600 0.404519 0.797865
13800 0.415932 0.821016
14000 0.426588 0.846206
14200 0.437420 0.869546
14400 0.449929 0.896743
14600 0.462880 0.918378
14800 0.477461 0.943111
15000 0.488790 0.967050
15200 0.504569 1.002012
15400 0.514555 1.023533
15600 0.526896 1.045908
15800 0.543835 1.075035
16000 0.553529 1.105440
16200 0.567464 1.125569
16400 0.597395 1.190370
16600 0.598448 1.185570
16800 0.623339 1.267446
17000 0.645022 1.286887
17200 0.654203 1.287078
17400 0.649674 1.295950
17600 0.665052 1.315862
17800 0.678867 1.354114
18000 0.693687 1.381714
18200 0.708930 1.408653
18400 0.729818 1.445544
18600 0.741775 1.468909
18800 0.754912 1.501902
19000 0.773768 1.538453
19200 0.788317 1.570226
19400 0.805217 1.599257
19600 0.820073 1.639090
19800 0.839726 1.671289
