200 0.000594 0.000550 0.000478
400 0.001395 0.001298 0.001211
600 0.002090 0.001688 0.001613
800 0.002412 0.002021 0.001970
1000 0.002743 0.002690 0.002702
1200 0.003621 0.003712 0.003677
1400 0.005210 0.005024 0.004682
1600 0.006571 0.006756 0.006129
1800 0.008225 0.007606 0.008052
2000 0.009791 0.009885 0.009319
2200 0.011547 0.011878 0.011574
2400 0.014021 0.013756 0.013407
2600 0.016154 0.015832 0.015771
2800 0.018539 0.018866 0.017616
3000 0.021283 0.020671 0.020524
3200 0.024061 0.024005 0.023198
3400 0.027377 0.027353 0.026980
3600 0.030654 0.029130 0.029220
3800 0.033939 0.033278 0.032016
4000 0.036984 0.036944 0.035965
4200 0.041185 0.040035 0.039825
4400 0.044607 0.043063 0.043702
4600 0.048640 0.047774 0.046426
4800 0.052492 0.050581 0.051555
5000 0.057867 0.055478 0.055801
5200 0.061613 0.060382 0.059526
5400 0.066370 0.064648 0.064669
5600 0.070846 0.069945 0.070042
5800 0.075323 0.073812 0.074107
6000 0.081244 0.079215 0.079327
6200 0.086536 0.085022 0.084042
6400 0.091914 0.091426 0.091555
6600 0.098159 0.095791 0.096065
6800 0.103606 0.101237 0.100307
7000 0.111232 0.108420 0.107547
7200 0.116088 0.114368 0.114405
7400 0.123286 0.120765 0.120795
7600 0.128399 0.126847 0.125770
7800 0.135746 0.133319 0.133818
8000 0.142186 0.139322 0.138783
8200 0.148999 0.147344 0.147367
8400 0.156830 0.153543 0.154863
8600 0.163230 0.160380 0.160974
8800 0.171586 0.169910 0.168936
9000 0.179497 0.177334 0.177390
9200 0.188557 0.185499 0.185772
9400 0.195751 0.193035 0.193284
9600 0.204122 0.200624 0.202507
9800 0.211687 0.208412 0.209531
10000 0.220632 0.218104 0.221040
10200 0.230930 0.226632 0.229340
10400 0.239494 0.233532 0.239254
10600 0.247873 0.245489 0.248772
10800 0.255376 0.255210 0.256321
11000 0.270140 0.263994 0.269271
11200 0.276271 0.274209 0.276379
11400 0.285695 0.282880 0.287871
11600 0.295657 0.293290 0.296401
11800 0.305746 0.303377 0.306409
12000 0.315321 0.317734 0.320358
12200 0.337694 0.336500 0.325611
12400 0.337512 0.338885 0.340111
12600 0.346707 0.346780 0.349376
12800 0.356568 0.358276 0.359860
13000 0.367918 0.370842 0.370419
13200 0.379472 0.382977 0.384265
13400 0.391912 0.395170 0.394280
13600 0.400404 0.404884 0.408231
13800 0.413942 0.418350 0.417422
14000 0.428340 0.428005 0.427397
14200 0.437709 0.441935 0.442097
14400 0.449727 0.455033 0.455191
14600 0.461989 0.467537 0.467685
14800 0.474204 0.479493 0.477828
15000 0.488855 0.491289 0.491798
15200 0.504086 0.512556 0.508101
15400 0.515720 0.521307 0.515784
15600 0.528461 0.533913 0.530587
15800 0.540835 0.547969 0.540173
16000 0.554820 0.561945 0.559466
16200 0.570635 0.575182 0.567565
16400 0.582478 0.590599 0.587504
16600 0.596972 0.593852 0.594267
16800 0.609725 0.617534 0.623380
17000 0.645424 0.644802 0.646072
17200 0.669895 0.652420 0.645470
17400 0.651679 0.657470 0.646648
17600 0.665201 0.670118 0.665902
17800 0.678787 0.684964 0.676825
18000 0.696254 0.699877 0.692600
18200 0.707848 0.716945 0.708653
18400 0.730503 0.724708 0.722460
18600 0.742398 0.740042 0.736426
18800 0.757254 0.762233 0.756039
19000 0.774132 0.774626 0.769410
19200 0.796812 0.797250 0.789499
19400 0.807251 0.809616 0.800095
19600 0.826640 0.828196 0.819330
19800 0.843657 0.843617 0.842348
